63
14
68
77
60
99
15
55
25
99
21
66
23
83
36
79
67
24
65
48
91
78
14
69
50
74
22
94
74
92
26
11
57
53
64
28
23
81
26
80
7
36
50
29
52
92
99
76
84
50
44
45
82
20
3
36
13
34
33
14
39
74
2
82
31
70
71
83
47
69
2
89
50
89
54
81
62
51
63
68
62
48
42
77
18
83
83
47
89
67
81
18
26
81
61
4
23
62
98
90
56
22
31
95
23
43
31
85
65
43
72
78
89
87
62
5
11
93
39
54
50
84
91
2
83
48
72
64
13
68
50
55
72
38
95
59
9
26
21
61
68
81
91
29
88
10
6
8
17
60
27
72
17
90
89
84
74
42
89
93
6
22
27
18
11
5
46
87
57
12
2
90
1
53
46
80
3
83
1
91
31
7
79
26
23
59
69
80
1
76
28
81
17
50
35
10
65
84
87
63
1
92
90
81
73
15
63
59
88
59
55
14
28
98
77
52
7
26
51
89
11
23
4
37
34
23
21
79
84
38
30
57
96
51
45
34
42
83
62
86
6
42
33
53
17
36
10
55
84
100
29
31
27
89
88
63
70
77
13
25
13
9
81
50
62
41
94
33
100
48
9
25
46
14
21
54
49
54
24
32
35
21
61
32
22
95
80
76
7
19
82
89
93
71
32
59
24
54
28
73
15
65
91
72
4
77
100
31
87
41
67
49
94
37
77
6
93
100
23
30
14
43
57
89
69
76
23
9
65
63
51
87
76
39
88
20
3
23
17
36
36
49
80
46
26
97
81
57
73
58
5
22
63
73
3
49
51
83
75
79
84
39
19
66
75
56
11
33
61
40
89
60
35
79
57
96
93
75
59
9
27
42
37
15
23
4
78
32
21
73
89
93
84
74
7
67
32
90
39
25
96
24
1
76
10
13
79
7
59
61
68
44
10
24
13
54
12
82
57
64
56
30
81
94
36
76
1
49
59
48
6
48
52
93
56
72
57
3
84
81
39
89
6
78
22
27
64
80
62
19
44
36
41
20
57
62
14
81
7
30
75
61
75
66
15
51
40
8
6
92
47
65
45
73
13
20
78
19
37
66
21
32
66
70
97
50
60
8
89
67
7
45
6
87
87
96
12
96
11
25
86
45
8
96
98
51
45
5
65
89
50
95
78
35
30
9
47
48
26
50
25
25
37
52
13
15
57
57
17
75
85
58
8
8
89
44
18
41
47
29
22
38
21
65
27
65
56
53
62
64
5
13
94
85
49
91
18
42
86
52
2
75
56
81
19
51
80
1
71
14
90
21
6
38
64
30
56
12
74
86
51
30
36
24
2
71
88
45
93
58
99
10
68